205.597490	28674.259145
210.570322	25391.126307
213.138349	23251.886555
215.085542	21652.037566
216.724510	20369.462262
218.172570	19296.703426
219.488275	18373.310324
220.705652	17561.809930
221.846477	16837.332312
222.925649	16182.511364
223.953874	15584.733232
224.939144	15034.542590
225.887605	14524.666581
226.804104	14049.389416
227.692538	13604.136394
228.556099	13185.188361
229.397436	12789.480364
230.218783	12414.456340
231.022039	12057.962083
231.808839	11718.164986
232.580602	11393.492898
233.338571	11082.586869
234.083842	10784.264162
234.817389	10497.488970
235.540084	10221.348970
236.252712	9955.036390
236.955982	9697.832570
237.650542	9449.095280
238.336982	9208.248209
239.015848	8974.772217
239.687642	8748.197983
240.352834	8528.099800
241.011859	8314.090312
241.665127	8105.816020
242.313024	7902.953429
242.955915	7705.205723
243.594149	7512.299897
244.228057	7323.984258
244.857958	7140.026248
245.484159	6960.210533
246.106957	6784.337336
246.726642	6612.220953
247.343498	6443.688448
247.957801	6278.578499
248.569827	6116.740363
249.179845	5958.032959
249.788125	5802.324045
250.394938	5649.489482
251.000553	5499.412572
251.605243	5351.983457
252.209283	5207.098588
252.812952	5064.660229
253.416535	4924.576018
254.020322	4786.758568
254.624613	4651.125097
255.229713	4517.597095
255.835940	4386.100019
256.443622	4256.563015
257.053099	4128.918658
257.664726	4003.102719
258.278872	3879.053947
258.895925	3756.713867
259.516290	3636.026596
260.140394	3516.938672
260.768685	3399.398890
261.401637	3283.358160
262.039752	3168.769362
262.683561	3055.587220
263.333627	2943.768181
263.990552	2833.270298
264.654975	2724.053124
265.327583	2616.077608
266.009110	2509.305999
266.700346	2403.701752
267.402146	2299.229435
268.115433	2195.854643
268.841218	2093.543913
269.580604	1992.264629
270.334814	1891.984934
271.105216	1792.673635
271.893365	1694.300079
272.701085	1596.833999
273.530704	1500.244188
274.391451	1404.488722
275.342333	1309.529040
276.312610	1215.339010
277.308355	1121.891669
278.333767	1029.159585
279.393003	937.114722
280.491199	845.728002
281.635406	754.968516
282.835922	664.802210
284.108596	575.189601
285.479121	486.081623
286.991541	397.411659
288.726034	309.079203
290.838793	220.913332
293.661941	132.576016
298.020096	44.153674
300.263370	0.000000
